0 0
1 1
2 2
4 4
7 7
10 9
13 13
16 16
20 20
24 25
28 28
33 31
36 37
41 41
47 46
50 51
55 55
59 60
65 66
71 69
76 76
82 80
87 86
93 93
100 100
105 104
109 110
117 115
121 118
127 126
133 135
144 139
145 142
154 149
159 159
163 165
174 172
181 176
184 183
190 193
194 197
204 204
212 213
216 217
226 223
231 229
236 234
247 245
252 254
258 256
265 261
276 272
281 279
280 284
291 296
298 300
314 303
316 311
328 319
337 331
335 338
348 344
358 353
362 354
373 373
375 372
383 381
390 394
400 405
402 408
409 412
422 422
436 426
442 431
450 448
458 451
456 462
466 466
467 477
478 487
486 496
500 498
504 510
525 526
523 521
534 538
546 545
552 553
548 559
561 571
581 582
589 585
592 587
595 591
604 601
611 613
628 625
639 642
643 638
647 651
